"","P[Y=1]","P[Y=2]","P[Y=3]","P[Y=4]"
"1",0.642119560734383,0.355345532597129,0.00253069605853412,4.2106099544803e-06
"2",0.316724717475689,0.665183205298957,0.0179785541507441,0.000113523074610433
"3",0.00898174551827546,0.525583058777774,0.395800318274756,0.0696348774291951
"4",0.0957600309707996,0.81311765287035,0.0888539359648305,0.00226838019401976
"5",0.129199948848919,0.805036710357677,0.0645540058419912,0.00120933495141373
"6",0.479757003244002,0.51315657437424,0.00706370641215257,2.2715969605458e-05
"7",0.981427642551687,0.0185678363579688,4.52083319061972e-06,2.5715307661045e-10
"8",0.893393273367221,0.106443457164809,0.000163211002992086,5.84649779700186e-08
"9",0.970637574187251,0.029351002753271,1.14220210444884e-05,1.03843378340684e-09
"10",0.131165337124483,0.804208893470393,0.063456020390515,0.00116974901460931
"11",0.000284851045429149,0.0988003151948048,0.441014644810322,0.459900188949444
"12",0.862164870396268,0.137552570348676,0.000282423783002104,1.35472054574315e-07
"13",0.076216162158049,0.809580251780732,0.110669234079799,0.00353435198141994
"14",0.91776279069591,0.082142568780458,9.46150630580535e-05,2.54605735383606e-08
"15",0.00343826000360835,0.359751988621073,0.484419771212816,0.152389980162502
"16",0.676087985312521,0.321936354233172,0.00197283604352081,2.82441078691686e-06
"17",0.30281354749586,0.677545284251514,0.0195099214863662,0.000131246766260085
"18",6.61165051316477e-06,0.009697650479339,0.183053203871008,0.80724253399914
"19",0.51646385255944,0.477830969297101,0.00568935228585181,1.58258576070658e-05
"20",1.01391264142004e-06,0.00287281515734039,0.104753609901796,0.892372561028222
"21",0.774964836697931,0.22419971444304,0.000834722810911439,7.26048117849487e-07
"22",3.96680013990032e-08,0.000339508317641047,0.0373950988981025,0.962265353116255
"23",0.247395248815819,0.725019790134607,0.0273440309238831,0.000240930125690708
"24",0.267573734648891,0.708117483795512,0.0241168911658648,0.000191890389731664
"25",0.387167682758249,0.600779015989873,0.0119973293195442,5.59719323336427e-05
"26",0.779447698498831,0.219754288649273,0.000797336983166601,6.7586872920522e-07
"27",0.000254048806540544,0.0924742763214765,0.43319046873806,0.474081206133923
"28",0.723552859533644,0.275099544163204,0.00134605760540792,1.53869774388582e-06
"29",0.892692999197015,0.107141452859988,0.000165488226740962,5.97162557181008e-08
"30",0.991360945728017,0.00863808561782115,9.68628786163111e-07,2.5375368473135e-11
"31",0.000121721571754311,0.059884701324928,0.379156401624908,0.56083717547841
"32",0.946388920346968,0.0535720463861382,3.90266248820809e-05,6.64201182942747e-09
"33",0.972886266927861,0.0271040146509292,9.71760725414201e-06,8.13955902678742e-10
"34",0.936148607604309,0.0637954324200813,5.59485124747747e-05,1.1463134663714e-08
"35",0.00336491702639698,0.356347946367535,0.485655520554945,0.154631616051123
"36",0.231515227801038,0.737925585728484,0.0302691164700534,0.00029007000042558
"37",0.764932053561389,0.23414473832203,0.000922359265078403,8.4885150264391e-07
"38",0.961976974120983,0.0380037020635111,1.93215205596471e-05,2.29494667713936e-09
"39",0.414678789351855,0.57501709558131,0.0102613348620328,4.27802048019732e-05
"40",0.868404844528794,0.131339403231551,0.000255635997172791,1.16242481862372e-07
"41",0.997273778548233,0.00272612554813742,9.59028413352463e-08,7.88258347483861e-13
"42",0.0667312860034095,0.80406794255672,0.124683840121465,0.00451693131840614
"43",0.987850837411031,0.0121472402317487,1.92228615263243e-06,7.10681513638178e-11
"44",0.592186173702742,0.404255077641913,0.00355145955116932,7.28910417591155e-06
"45",0.646118891131045,0.351417352670444,0.00245973394941012,4.02224910089899e-06
"46",0.98356312784178,0.016433338493448,3.53348727260165e-06,1.77499570597206e-10
"47",0.99136597182672,0.0086330606506865,9.67497262882224e-07,2.53308485298476e-11
"48",0.93917073959087,0.060778631805801,5.06187544253603e-05,9.84890358157742e-09
"49",0.902984218014502,0.096881968467622,0.000133770366686525,4.31511899545711e-08
"50",0.744657986135409,0.254223926585085,0.00111694081715649,1.14646235005456e-06
"51",0.704213972978584,0.294202276583886,0.001581763642595,1.98679493479403e-06
"52",0.980127114048736,0.0198677028040728,5.18283132560782e-06,3.15865555933215e-10
"53",0.830535789171845,0.169021271550388,0.000442668426030468,2.70851736039468e-07
"54",7.97759059603663e-06,0.0109397840056282,0.193063386048372,0.795988852355404
"55",0.293626457529884,0.685625768130445,0.0206031320605304,0.000144642279140461
"56",0.135436421769034,0.802309290040242,0.0611649098062844,0.0010893783844399
"57",0.987422396073743,0.0125755427207297,2.06112660560933e-06,7.89219800623187e-11
"58",8.45141183481115e-05,0.048037489396645,0.351386851653802,0.600491144831205
"59",0.937654082150347,0.0622926491789627,5.32580329515966e-05,1.06377392450341e-08
"60",0.682291480111728,0.315824524177989,0.00188137739531612,2.61831496672915e-06
"61",0.912041571643049,0.087849499268894,0.00010889755160492,3.15364523384432e-08
"62",0.701155229465021,0.297221268235676,0.00162143579874403,2.06650055878388e-06
"63",0.0051809589403739,0.427689345355045,0.454360826436578,0.112768869268003
"64",0.334161151581695,0.649497650114475,0.0162462592131626,9.49390906666014e-05
"65",0.872681838608331,0.127079906348409,0.000238150777186599,1.04266072664672e-07
"66",0.0477445466544036,0.780144472081953,0.164051598321333,0.00805938294231046
"67",0.15954499589929,0.789437444750913,0.0502697153301212,0.000747844019675648
"68",1.83118585428713e-06,0.0042251192668505,0.12545838410896,0.870314665438335
"69",7.64264220607475e-05,0.0451820581083335,0.343749962994741,0.610991552474865
"70",0.94114585601463,0.0588068468756223,4.72882260442533e-05,8.88370321749932e-09
"71",0.607221574821237,0.38955599416441,0.00321622747531689,6.20353903624249e-06
"72",1.35987502234794e-05,0.0153775193751768,0.223783332941003,0.760825548933597
"73",0.643716987435941,0.353776703194171,0.00250217487952177,4.13449036584801e-06
"74",0.955064854917275,0.0449079663330233,2.71749079549936e-05,3.84174636547385e-09
"75",0.8086680070334,0.190752521076104,0.000579061218991317,4.10671504580407e-07
"76",0.400025028725084,0.588773350031408,0.0111522704278239,4.93508156832467e-05
"77",0.0452184718541902,0.775022984091164,0.170949349193573,0.00880919486107334
"78",0.000518958851139949,0.138723283849198,0.477221462217873,0.38353629508179
"79",0.926571470287018,0.0733537775830312,7.47343416760098e-05,1.77882750751479e-08
"80",0.0274898148988986,0.714694639992605,0.239124130237458,0.0186914148710383
"81",0.958824323140653,0.0411529430107878,2.27309153112379e-05,2.93324842193243e-09
"82",0.0235850646175285,0.69203835894721,0.261322878680232,0.0230536977550294
"83",0.964105876421324,0.0358769401897805,1.71814665959029e-05,1.92229920870091e-09
"84",0.9396710549805,0.0602791716977766,4.97637238646394e-05,9.59785906307076e-09
"85",0.264513688230076,0.710712749221088,0.0245750398139849,0.000198522734850881
"86",0.860503163990496,0.139206878560548,0.000289816487175383,1.40961780248361e-07
"87",0.875556642801687,0.124216468176896,0.000226792284271087,9.67371456273014e-08
"88",0.377735406649515,0.609544810610868,0.0126583689696356,6.14137699810335e-05
"89",0.968462720876106,0.031524072299873,1.32055316552515e-05,1.29236554791134e-09
"90",0.626903771297816,0.370276699524266,0.00281453111613625,4.99806178122508e-06
"91",0.976370315646721,0.0236223287785673,7.35503970019046e-06,5.35011590585555e-10
"92",0.854329648192267,0.145351937600895,0.000318251413828618,1.62793010072271e-07
"93",0.435686132675194,0.555174826460481,0.0091041617012621,3.48791630626621e-05
"94",0.704385289908287,0.294033166213211,0.00157956147233839,1.98240616278156e-06
"95",0.681047966758101,0.317049907747387,0.00189946690231823,2.65859219372722e-06
"96",0.4724044298284,0.520199259737565,0.0073719039342769,2.44064997575455e-05
"97",0.798254488662899,0.201093078433637,0.000651939124183724,4.93779280130724e-07
"98",0.736054434494961,0.26273732436999,0.00120694583708012,1.29529796955019e-06
"99",0.938807057140461,0.0611416876872002,5.12451381150286e-05,1.00342242292939e-08
"100",0.517473345252092,0.476855884440768,0.00565510244639412,1.5667860746027e-05
"101",0.0357849819098555,0.74948269363139,0.202011728570478,0.0127205958882763
"102",0.863865587008102,0.135859312022957,0.000274970951946835,1.30016993393767e-07
"103",0.98492048632052,0.0150765435419633,2.97000082980679e-06,1.36686995055868e-10
"104",0.63360721286854,0.363701420167417,0.00268673015726466,4.6368067786462e-06
"105",0.870222085635024,0.129529682813116,0.000248120513782167,1.11038078287606e-07
"106",0.182543516816928,0.774614926045137,0.0423018613978582,0.00053969574007684
"107",0.958771930828693,0.0412052762164493,2.27900100822058e-05,2.9447749794187e-09
"108",2.5838119635368e-05,0.0230717331856908,0.265126846006796,0.711775582687878
"109",0.597211185280106,0.399345349162229,0.00343655657250736,6.90898515787186e-06
"110",0.90230627509511,0.0975579352934173,0.000135745484506194,4.41269669693156e-08
"111",0.00206529207578293,0.284528637076468,0.504457585960024,0.208948484887725
"112",0.842777289789094,0.156846841789875,0.000375658224318085,2.10196712813193e-07
"113",0.72045817026534,0.27815815874488,0.00138206670264663,1.60428713269489e-06
"114",0.932716918276332,0.0672207219180503,6.23462962806693e-05,1.35093370934314e-08
"115",0.430310744981364,0.560264817763446,0.00938768873069416,3.67485244960886e-05
"116",0.0425806670926347,0.768990670096115,0.178724400592523,0.00970426221872733
"117",0.235103568585911,0.735043670903264,0.0295747602406443,0.000278000270180545
"118",0.193588933524674,0.766852620702684,0.0390928608617837,0.000465584910858019
"119",0.956569085283834,0.04340556413715,2.5347120994142e-05,3.45802209089641e-09
"120",0.872851977360797,0.126910449060809,0.000237469769353805,1.03809040141734e-07
"121",0.468275250348177,0.524149068664432,0.00755027206310737,2.54089242835986e-05
"122",0.0050345859813441,0.422762773670171,0.456860787282626,0.115341853065859
"123",0.0284690417091604,0.719636123974793,0.234103136118394,0.0177916981976523
"124",0.0924312380018313,0.813087301795693,0.0920470249450933,0.00243443525738196
"125",0.166431317265514,0.785216600768824,0.047675808184664,0.000676273780997771
"126",0.502564554838904,0.491237889159283,0.00617939599143234,1.81600103804636e-05
"127",0.597886342291515,0.398685457719104,0.00342134071537389,6.85927400723152e-06
"128",0.018026253511546,0.648865571116047,0.300578668672726,0.0325295066996811
"129",0.960441159143679,0.0395378918140965,2.09464496977109e-05,2.5925266378124e-09
"130",0.879432055935014,0.120355880933571,0.000211975910308333,8.72211075586549e-08
"131",0.0095287336506603,0.536296342011689,0.388444208485295,0.0657307158523561
"132",0.867635255509703,0.132105768616347,0.000258857374809414,1.18499139944994e-07
"133",0.706674301525955,0.291773436030019,0.00155033792200032,1.92452202618654e-06
"134",0.662242018482463,0.335566410598036,0.00218823722180375,3.33369769722758e-06
"135",0.000328797156986612,0.107281061262929,0.450476600896066,0.441913540684018
"136",0.00672564974454584,0.473489828552043,0.428984134198523,0.0908003875048874
"137",0.162057512529386,0.787921383033901,0.0493004375684202,0.000720666868292419
"138",0.934500676183933,0.0654403367186205,5.89746808784847e-05,1.24165678849764e-08
"139",0.364502330941291,0.621777921670157,0.0136497423169791,7.0005071573398e-05
"140",0.959608287462929,0.0403698535791079,2.18561935188795e-05,2.76444389601949e-09
"141",0.90615188115207,0.0937233277504505,0.000124752303409524,3.87940696233713e-08
"142",0.690073651133902,0.308153080622936,0.00177089067550548,2.37756765586461e-06
"143",0.267506006975541,0.708175039897038,0.0241269187407424,0.000192034386678697
"144",0.970600626360212,0.0293879213883684,1.14512089827359e-05,1.04243669252213e-09
"145",0.908301053571109,0.0915800803264458,0.000118830080458948,3.60219863937417e-08
"146",0.00545154493219874,0.436496854164442,0.44977655025958,0.108275050643779
"147",0.533669355284791,0.461188251246438,0.00512906702079603,1.3326447974249e-05
"148",0.492005251720384,0.501398764523863,0.00657583563548301,2.01481202700693e-05
"149",0.0115931783566852,0.571737908558535,0.362865458143969,0.0538034549408102
"150",0.731903463701615,0.266843140465278,0.00125202342031299,1.37241279363209e-06
"151",0.873586032335243,0.126179321521698,0.000234544289213131,1.01853846246058e-07
"152",0.569621315721016,0.426264327619091,0.00410512055753559,9.23610235714634e-06
"153",0.987115104824565,0.0128827313644884,2.16372604615934e-06,8.4900975139135e-11
"154",0.840149452297371,0.159460827066268,0.000389498370289809,2.22266071214783e-07
"155",0.691079200750366,0.307161499376432,0.00175695203088927,2.34784231256668e-06
"156",0.242273157189368,0.729224299318942,0.0282469221965344,0.000255621295154773
"157",0.731365736536983,0.267374937829694,0.00125794296790008,1.38266542237808e-06
"158",0.735597824796458,0.263189020478043,0.00121185111855991,1.30360693961773e-06
"159",0.213427188862868,0.752103198160902,0.0341082388528834,0.000361374123347025
"160",0.553059120163271,0.442376210701592,0.00455371806881849,1.09510663186541e-05
"161",0.887350865750984,0.112465622516379,0.000183441830114051,6.99025233252826e-08
"162",0.0470934972065285,0.778881454585823,0.16578145718796,0.0082435910196883
"163",0.654525570017485,0.343155469043675,0.00231531135140726,3.6495874334852e-06
"164",0.0178474932387516,0.647195348650117,0.302028355175839,0.0329288029352918
"165",0.136204387172127,0.801953764064919,0.0607661515818973,0.00107569718105682
"166",0.514786375065295,0.47945087515252,0.00574665806124396,1.60917209411915e-05
"167",0.975461638931226,0.0245304216842507,7.93878429223041e-06,6.00231531144857e-10
"168",2.21242374024736e-05,0.0209259095020246,0.254715013762477,0.724336952498096
"169",0.202734916684446,0.760170056650826,0.0366815039187346,0.000413522745993045
"170",0.0143823903878555,0.610090200982998,0.333051347587841,0.0424760610413056
"171",0.0354000363361421,0.748173546197991,0.203495663073018,0.012930754392849
"172",0.881060393170096,0.118733604693672,0.000205918704005171,8.34322266829446e-08
"173",0.815418148425136,0.184046886584811,0.000534602205395235,3.62784657537141e-07
"174",0.010834506778433,0.559539491035329,0.371883157922022,0.0577428442642163
"175",0.848000136029025,0.151650659096689,0.000349017217059281,1.87657227646021e-07
"176",0.883851180750795,0.115952975334032,0.000195766698403608,7.72167699780724e-08
"177",0.367240379198359,0.619253313428181,0.0134381789410955,6.81284323644782e-05
"178",0.090303188424403,0.812960656637591,0.0941868214617825,0.00254933347622321
"179",0.964710285212484,0.0352731153780715,1.65975848690775e-05,1.82457571273886e-09
"180",0.000135430254242285,0.0638367322510558,0.387239606916163,0.548788230578539
"181",0.00742347337733852,0.491165108542983,0.41821733382651,0.0831940842531684
"182",0.549527552826973,0.445806756094216,0.00465433874309663,1.13523357142542e-05
"183",0.138802393351043,0.800720981750209,0.0594455886127731,0.00103103628597545
"184",0.0191864553055125,0.659217446324781,0.291485400712836,0.0301106976568709
"185",0.989650432534578,0.0103481749066789,1.39251496568033e-06,4.37776481732044e-11
"186",0.908205663585814,0.09167521068323,0.000119089589007234,3.61419492111992e-08
"187",0.943227701692411,0.0567283828964905,4.39074716128785e-05,7.93948529143051e-09
"188",0.0501428739892287,0.784481216977517,0.157946514236261,0.00742939479699312
"189",0.00570247748452875,0.444338830073401,0.445573264408953,0.104385428033118
"190",0.692296768100674,0.305960743220401,0.00174017641849876,2.31226042635146e-06
"191",0.978204427884796,0.0217893255510618,6.24614583416046e-06,4.18308054861427e-10
"192",0.319941590548787,0.662304520373194,0.0176440755127693,0.000109813565249861
"193",0.990043745194621,0.00995496657799626,1.28818843871833e-06,3.89435150793815e-11
"194",0.0818705280398559,0.811523321252387,0.103521030680561,0.0030851200271953
"195",0.545001787482572,0.450200378478693,0.0047859477589934,1.18862797424679e-05
"196",0.981272833548101,0.0187225689683495,4.59721983075089e-06,2.63718824555781e-10
"197",0.000583246769061517,0.147958709447045,0.483039778322349,0.368418265461545
"198",0.900485035564022,0.0993737869574913,0.000141130652519971,4.68259668817694e-08
"199",0.893694521013309,0.106143184281667,0.000162236772509279,5.79325144522969e-08
"200",0.840674722253373,0.158938349558222,0.000386708374910147,2.19813495072607e-07
"201",0.981342939047703,0.0186524981442862,4.5625472788009e-06,2.60731658485724e-10
"202",0.930799867379417,0.0691340360919447,6.60817720029827e-05,1.47566352470818e-08
"203",0.0853615766259708,0.812311853913687,0.0994803541536557,0.00284621530668616
"204",0.304831064944473,0.67576155530905,0.0192788847464832,0.000128494999993789
"205",2.70860626130175e-06,0.00544940751973428,0.141093453675467,0.853454430198537
"206",0.948770742137751,0.0511937032106846,3.55488845460539e-05,5.76701786325629e-09
"207",0.516360958500181,0.477930346258939,0.00569285319533569,1.58420455448338e-05
"208",0.0120977542976253,0.579386594361481,0.357097075844923,0.0514185754959701
"209",0.721652875327587,0.276977455974257,0.00136808999380372,1.57870435257834e-06
"210",0.426466356619346,0.563899868862626,0.00959562749407364,3.81470239544379e-05
"211",0.380155686619851,0.607299077353113,0.0124852694700325,5.99665570035768e-05
"212",0.415387083103177,0.574350335441906,0.0102200951565055,4.24862984123031e-05
"213",0.181922049233831,0.775040628363787,0.0424930366550873,0.000544285747294482
"214",0.70323042746724,0.295173113315636,0.00159444707193841,2.01214518602555e-06
"215",0.335582558433584,0.648210475104146,0.0161133884951035,9.35779671658032e-05
"216",0.919347953839649,0.0805611720417997,9.08501830937727e-05,2.39354576159201e-08
"217",6.25897118154863e-05,0.0399820756038337,0.328686516815081,0.63126881786927
"218",0.64585828831998,0.3516733642903,0.00246431308974984,4.03429997020144e-06
"219",0.97302389792122,0.0269664833987382,9.61787863988669e-06,8.01401500716281e-10
"220",0.948949383642803,0.0510153157261842,3.52949262203361e-05,5.70479274930591e-09
"221",0.857354008971237,0.142341709862416,0.00030412935633854,1.51810007786857e-07
"222",0.454122142878092,0.537656666198302,0.00819203048979301,2.91604338135132e-05
"223",0.721521218368291,0.277107574553078,0.001369625571298,1.58150733264861e-06
"224",0.0286479360917378,0.720510685672174,0.233207053541192,0.017634324694896
"225",0.000146931845271885,0.0670173952421985,0.393380949625355,0.539454723287175
"226",0.739602673224437,0.259226822562062,0.00116927205352228,1.23215997838155e-06
"227",0.980247827402559,0.0197470528426592,5.11944471188116e-06,3.10069747655461e-10
"228",0.658593244346837,0.3391555936041,0.00224768198977744,3.48005928563211e-06
"229",0.0252085294569332,0.702080097668363,0.251640176455006,0.0210711964196976
"230",0.0700291789745797,0.806347581714985,0.119486739324392,0.00413649998604382
"231",0.63555706572173,0.361788019244331,0.00265037898560729,4.53604833172694e-06
"232",0.984321503697201,0.0156752836129297,3.21253605475472e-06,1.53814183612155e-10
"233",0.00901880061343169,0.526329033947943,0.39529383269737,0.0693583327412549
"234",0.689305167089953,0.308910837662612,0.00178159475356887,2.40049386546204e-06
"235",0.308050582953972,0.672908531902674,0.0189166489123391,0.000124236231014541
"236",0.188741135351074,0.770303741142082,0.040458671662883,0.000496451843961188
"237",0.858766910815246,0.140935283783075,0.000297658531768001,1.46869911010761e-07
"238",0.878137009732304,0.121646035773439,0.000216864172255583,9.03220014336625e-08
"239",0.88300873992607,0.116792380191039,0.000198800826359549,7.90565315433867e-08
"240",0.919415999175862,0.0804932865287595,9.06904239119967e-05,2.38714664702044e-08
"241",0.436309989929352,0.554583551725687,0.00907178985914844,3.46684858120172e-05
"242",0.535816163520306,0.459108253602402,0.00506254106595922,1.3041811332215e-05
"243",0.984777604597415,0.0152193682839805,3.02697795565965e-06,1.40649270008453e-10
"244",0.762570924734262,0.236484397594692,0.000943797694237358,8.79976808421112e-07
"245",0.768182241371879,0.230923591189062,0.000893360016991312,8.07422068538344e-07
"246",0.99201805400673,0.00798111962670276,8.26346579129191e-07,1.99883443130489e-11
"247",0.0131211550074671,0.593880967860865,0.34592417836424,0.0470736987674274
"248",0.554262322717197,0.441207014044211,0.00451984589206572,1.08173465261929e-05
"249",0.729884342514605,0.26883989963863,0.00127434661835025,1.41122841512686e-06
"250",0.995617960547059,0.00438179127077857,2.48178878715497e-07,3.28392868453875e-12
"251",0.0374698350978339,0.754930142007873,0.195742855071808,0.011857167822485
"252",0.979125111214898,0.0208691640694974,5.72434877632339e-06,3.66828345477188e-10
"253",0.44233357665745,0.548868933701193,0.0087647909501855,3.26986911708405e-05
"254",0.00456213905673418,0.406009811804318,0.465006162351838,0.12442188678711
"255",0.926624818949572,0.0733005416939473,7.46216089502061e-05,1.77475303342334e-08
"256",0.298984564250278,0.680921583456909,0.0199571996612604,0.000136652631552381
"257",0.00791165620768003,0.50263637719876,0.410955308378207,0.0784966582153525
"258",0.273479787782975,0.703078945659494,0.0232614680662998,0.000179798491231065
"259",0.00319450135880148,0.348219378192307,0.488491445848386,0.160094674600506
"260",0.646576728280607,0.350967566383826,0.00245170418359291,4.00115197429773e-06
"261",0.373625145259736,0.613352871536936,0.0129580269155636,6.3956287764344e-05
"262",0.000881990852162621,0.184983247475521,0.499292321308498,0.314842440363819
"263",0.937537809611522,0.0624087163742437,5.34633142678782e-05,1.0699966024319e-08
"264",0.742274334530089,0.256583058679272,0.00114142053230013,1.18625833911423e-06
"265",0.0693621509474483,0.805920168896378,0.120507940852954,0.00420973930321966
"266",6.5648798442576e-05,0.0411701138308578,0.332270299366908,0.626493938003792
"267",1.92143234545682e-05,0.0191443967366516,0.245477924688708,0.735358464251186
"268",0.815888403140554,0.183579652517499,0.000531584728152418,3.59613795075653e-07
"269",0.00646636552510338,0.466495050994951,0.433099816700471,0.0939387667794742
"270",0.775254002933636,0.223912995693165,0.000832278646499103,7.22726700264076e-07
"271",0.0574195773204483,0.795021689632843,0.141661596523165,0.00589713652354451
"272",0.0262438681342449,0.70800704893073,0.245811097061224,0.0199379858738017
"273",0.97249199171399,0.0274980012074848,1.00062278662009e-05,8.50659209739035e-10
"274",0.936509372162952,0.0634353192280225,5.52973476004372e-05,1.12614254588195e-08
"275",0.0533978085453177,0.789643587867174,0.150277153864326,0.00668144972318263
"276",0.985714398308821,0.0142829381642,2.66341094763415e-06,1.16031184660415e-10
"277",0.161553379408074,0.788227843371683,0.0494927591095926,0.000726018110650761
"278",0.396136648683554,0.592410770985503,0.0114013174481653,5.12628827786799e-05
"279",0.167639174216886,0.784455599781921,0.0472405984964323,0.000664627504760484
"280",6.83955794591657e-05,0.0422173102967208,0.335356907922042,0.622357386201778
"281",0.00451776211913254,0.404364505805777,0.465775739168819,0.125341992906271
"282",0.786362994620773,0.212894646437889,0.000741755170241272,6.03771096896466e-07
"283",0.0185420053687945,0.653569383514259,0.296470076415827,0.0314185347011188
"284",0.808618619560555,0.190801574935996,0.00057939446483392,4.11038615477644e-07
"285",0.939489380140699,0.0604605368617866,5.00733090159847e-05,9.68849878102418e-09
"286",0.862019142995991,0.137697653343579,0.000283067713304026,1.35947125556868e-07
"287",0.000178756783405087,0.0752790591312963,0.407981060531014,0.516561123554284
"288",0.976211166796767,0.0237813770263584,7.45563080535793e-06,5.46069078843914e-10
"289",0.00514249305650822,0.426406045324854,0.455016516604713,0.113434945013925
"290",0.959506169847707,0.0404718582448998,2.19691213476659e-05,2.78604506132041e-09
"291",0.939847191578778,0.0601033343617483,4.94645489274734e-05,9.51054579534372e-09
"292",0.996494790275497,0.0035050510626848,1.58660140644536e-07,1.67799107941846e-12
"293",0.104284362295839,0.812367748332144,0.0814404801707763,0.00190740920124066
"294",0.938842621142013,0.0611061851375776,5.11837044132234e-05,1.00159962546087e-08
"295",0.210582009937318,0.754274588118239,0.034768972383115,0.000374429561327827
"296",6.15020385446203e-07,0.00207068200780001,0.089720457116811,0.908208245855004
"297",0.0178624162914533,0.647335583961716,0.301906820110206,0.0328951796366246
"298",3.84625265235331e-06,0.00683910937326649,0.156500402371063,0.836656642003019
"299",0.647872228078593,0.34969474327349,0.00242908668243229,3.94196548536563e-06
"300",0.521864345208427,0.472612492156606,0.00550816493809966,1.49976968677468e-05
"301",0.994456224462678,0.00554337786556909,3.97665088318584e-07,6.66455779452235e-12
"302",0.0787679981349534,0.810566010662531,0.1073448313252,0.00332115987731563
"303",0.623648727480406,0.37346789242184,0.00287819801952823,5.1820782258627e-06
"304",0.0852856021358969,0.812297743408608,0.0995655145192991,0.00285113993619579
"305",0.0599168677248847,0.79787525946775,0.136733542150655,0.0054743306567101
"306",0.00269210757269753,0.322247135819014,0.496409279354866,0.178651477253423
"307",3.38539854352592e-06,0.0062970174858477,0.150735020521082,0.842964576594527
"308",0.3045448516766,0.676014797865954,0.0193114690361284,0.00012888142131795
"309",0.703107535827849,0.295294412139276,0.00159603670174011,2.0153311351967e-06
"310",0.864960068706607,0.13476956957888,0.000270235122111031,1.26592402005521e-07
"311",0.981051992782987,0.0189432996272076,4.70731652551435e-06,2.7327951013234e-10
"312",0.862494206766192,0.137224687194309,0.0002809716366089,1.34402890261676e-07
"313",0.968215835604661,0.031770746646016,1.34164257066261e-05,1.3236164386754e-09
"314",0.103405566592099,0.812495178969787,0.0821583740390308,0.00194088039908391
"315",0.00856345763239792,0.516946029196576,0.401601589436102,0.0728889237349236
"316",0.894764269285381,0.105076871243088,0.000158803401814186,5.60697170914892e-08
"317",0.657461225130521,0.340268890311888,0.00226635800245642,3.52655513480293e-06
"318",0.0803615864353609,0.811089400381123,0.10535208111868,0.00319693206483673
"319",0.817246695447531,0.182230027209279,0.000522926770802119,3.50572387897152e-07
"320",0.746513862924293,0.252386900577106,0.00109812028088802,1.11621771303749e-06
"321",0.141140186904222,0.799573423730252,0.0582935067458907,0.000992882619635149
"322",0.978229831237695,0.0217639369088491,6.231436630057e-06,4.16825907123552e-10
"323",0.984211924670265,0.0157848172207928,3.25795184644812e-06,1.5709611389525e-10
"324",0.650522025740456,0.347090852212155,0.00238329882355508,3.82322383363221e-06
"325",0.190242037887044,0.769242389326942,0.040028940545459,0.000486632240555673
"326",4.45594815743815e-11,3.71114417152234e-06,0.00397767862912266,0.996018610182146
"327",0.700082155059686,0.298280236420711,0.00163551344422161,2.09507538162512e-06
"328",0.638599382319443,0.358801846567968,0.00259438851845365,4.38259413559905e-06
"329",0.952756162570125,0.0472137230725154,3.01098712956607e-05,4.48606374270355e-09
"330",3.32389193252947e-06,0.00622269702907507,0.149921730525799,0.843852248553193
"331",0.000181270253712182,0.0759019133072813,0.409009196750654,0.514907619688352
"332",0.000366064799480234,0.114047716001075,0.457266498268779,0.428319720930666
"333",0.00778262276727464,0.49967054134316,0.412853224024231,0.0796936118653337
"334",0.753938541016907,0.245035569324901,0.00102488818405858,1.00147413362173e-06
"335",0.935852313001827,0.0640911890180912,5.64863494156102e-05,1.163066587484e-08
"336",0.961957501227358,0.0380231547769606,1.93416971156453e-05,2.29856567113274e-09
"337",7.79756990806435e-06,0.0107808865477526,0.191824397762274,0.797386918120065
"338",0.204342451190279,0.758973928218277,0.0362784969305904,0.00040512366085399
"339",0.926444646474867,0.0734803329352574,7.50027044765481e-05,1.7885398828632e-08
"340",0.275448385703842,0.701391177759616,0.0229844721957067,0.000175964340835555
"341",0.643079301780923,0.354403001476716,0.00251353200763677,4.1647347247542e-06
"342",0.747878933590566,0.251035562397467,0.00108440963390046,1.0943780669459e-06
"343",0.130866281943364,0.804336794352243,0.0636212616169671,0.00117566208742681
"344",0.271608387606373,0.704679573601605,0.0235285063145846,0.000183532477436854
"345",0.264805154792336,0.710466016333353,0.0245309491526866,0.000197879721624661
"346",0.0844620427008472,0.812136295879437,0.100496382499033,0.00290527892068293
"347",0.802967937483278,0.196413309869524,0.000618297930851054,4.54716347020323e-07
"348",0.437950777939841,0.553027930738252,0.00898717086589861,3.41204560090347e-05
"349",0.0164525852545255,0.633403213299547,0.313819946091267,0.0363242553546611
"350",0.969909169778226,0.030078824581762,1.20045207170539e-05,1.11929532309318e-09
"351",0.0311478898309014,0.731895187157061,0.221321355569759,0.0156355674422781
"352",0.924036390269729,0.0758833928457484,8.01970835598259e-05,1.98009626473095e-08
"353",1.03855712561526e-05,0.0129507855824915,0.207833717234649,0.779205111611603
"354",0.20383468419422,0.75935241087757,0.036405150964101,0.000407753964109636
"355",0.00387966560855507,0.379152207230253,0.476855779879334,0.140112347281859
"356",0.805961388359632,0.193440683699055,0.000597496780566488,4.31160747216275e-07
"357",0.018612899638792,0.654202947801569,0.295913737052663,0.0312704155069766
"358",0.975406785800705,0.0245852388416113,7.97475335126561e-06,6.0433258397552e-10
"359",0.917297148997413,0.082607088314959,9.57367663692009e-05,2.5921258806072e-08
"360",0.00268713262400797,0.321973168809244,0.496483055439033,0.178856643127715
"361",0.546806671157891,0.448448558757406,0.00473309944875154,1.16706359520879e-05
"362",0.119509381283467,0.808643022184187,0.0704151092756628,0.00143248725668332
"363",0.00405315918843131,0.386312947964766,0.473847983631778,0.135785909215025
"364",0.112296334610351,0.810741171089489,0.0753274114816087,0.00163508281855129
"365",0.0220540187476875,0.681630366505697,0.271121706459216,0.0251939082874003
"366",0.936939442226433,0.0630060203593637,5.4526389996711e-05,1.10242064366162e-08
"367",0.920779982209787,0.0791324750774914,8.75200987555776e-05,2.26139663661584e-08
"368",3.2700835006458e-05,0.0267401496458111,0.281399287354255,0.691827862164928
"369",0.979739361587479,0.0202552489460183,5.38913152455533e-06,3.34977712235229e-10
"370",0.0218796285148284,0.680381504322337,0.27228218252542,0.0254566846374145
"371",5.89812933463917e-05,0.0385491808298506,0.324242683287963,0.63714915458884
"372",0.935182925662945,0.0647593507937095,5.77115279364124e-05,1.20154087790425e-08
"373",7.28764377026401e-05,0.0438885264253745,0.340148869778144,0.615889727358779
"374",0.867863306961937,0.131878674825605,0.000257900385327527,1.17827130940995e-07
"375",2.94234947386009e-06,0.00574997884122852,0.144608029351631,0.849639049457667
"376",0.56722733906591,0.428595532927484,0.0041676601244331,9.46788217326411e-06
"377",0.00435121511055624,0.398071229569483,0.468667885523289,0.128909669796671
"378",0.0135826602979698,0.600010176687867,0.34110380396912,0.0453033590450436
"379",0.00457330909507664,0.40642190947931,0.464812541767511,0.124192239658102
"380",9.09737550918578e-06,0.011899728717186,0.200314399302995,0.78777677460431
"381",0.854296517779095,0.145384911133933,0.000318408170512063,1.6291646065536e-07
"382",0.805732200592289,0.193668292443964,0.000599074033067695,4.32930679306054e-07
"383",0.0452136087888585,0.775012532688986,0.17096312502345,0.00881073349870476
"384",0.202335854303966,0.760466029226426,0.0367824758403144,0.000415640629293224
"385",1.03850235045373e-05,0.0129503494554754,0.207830680892661,0.779208584628359
"386",0.043465358358888,0.771097359867154,0.176047286959792,0.00938999481416614
"387",0.0147405280240166,0.614396677142302,0.329563301257419,0.0412994935762626
"388",0.000930398183672881,0.190283715607647,0.500827954039659,0.307957932169021
"389",0.787892629861781,0.211376983723974,0.000729797755979867,5.88658265354702e-07
"390",0.763864507469162,0.235202616362166,0.000932013353017839,8.62815654367743e-07
"391",0.879743840150543,0.120045264919114,0.000210808444132714,8.64862103044928e-08
"392",0.117899882703451,0.809158105130663,0.0714673326313104,0.00147467953457603
"393",0.866308605890853,0.133426806936506,0.000264464708693347,1.2246394742732e-07
"394",0.0370408920330583,0.753585553012109,0.197304894990057,0.0120686599647755
"395",3.47840575114631e-05,0.027791296917688,0.285753498882215,0.686420420142586
"396",0.0754733658635019,0.809257382293137,0.111669299051495,0.00359995279186653
"397",0.410347564760093,0.579090723669369,0.0105170884090007,4.4623161537638e-05
"398",0.354382232582842,0.63107768396911,0.014462649960053,7.7433487995715e-05
"399",0.00535022948682552,0.433243217817176,0.451487056190356,0.109919496505642
"400",0.163583820089529,0.786986767500761,0.0487246449692793,0.000704767440430687
"401",0.825475343408481,0.174052067531522,0.000472289658766034,2.99401230918761e-07
"402",0.00225418034254402,0.296635490624915,0.502356159525497,0.198754169507044
"403",0.966661853084217,0.0333233618855475,1.47834980146923e-05,1.53222123877583e-09
"404",0.988452512916545,0.0115457514499762,1.73557252779485e-06,6.09507999627112e-11
"405",0.976455747041544,0.0235369510987239,7.30133059354999e-06,5.29138954874497e-10
"406",0.0116522116260828,0.572651148856173,0.362181345614074,0.0535152939036703
"407",0.156528086738202,0.791219491284195,0.0514701989236535,0.000782223053949815
"408",0.00062763783096256,0.154025296422783,0.486439868676144,0.35890719707011
"409",0.0266285869379586,0.710122042358371,0.243709262170532,0.0195401085331384
"410",0.000522756865526021,0.139284992734639,0.477598633345722,0.382593617054113
"411",0.73141534749438,0.267325874734876,0.0012573960537952,1.38171694863409e-06
"412",0.583867023714963,0.412376766482263,0.00374825042890077,7.95937387298995e-06
"413",0.22848441757855,0.740342923642489,0.0308719058619688,0.00030075291699172
"414",0.475164069418345,0.517557337826512,0.0072548346140084,2.37581411340893e-05
"415",0.0876492541363344,0.812676617472938,0.0969709103538527,0.00270321803687512
"416",0.449909490003199,0.541667566728373,0.0083925643420019,3.0378926425545e-05
"417",0.983622800817076,0.0163736913369556,3.50767041617232e-06,1.75552461456618e-10
"418",6.61806164463976e-05,0.0413742758651201,0.332877294002246,0.625682249516188
"419",0.88531059644666,0.114498757029662,0.000190572420774809,7.41029034800889e-08
"420",0.116333443086019,0.809634299055188,0.0725149218524329,0.00151733600635928
"421",0.931311430622512,0.0686234813768837,6.50735843446539e-05,1.44162599635678e-08
"422",0.990535912583346,0.00946292396827648,1.16341496126812e-06,3.34162697512852e-11
"423",0.681568702006967,0.316536779369436,0.00189187696011506,2.64166348207251e-06
"424",0.968047939441898,0.0319384983823351,1.35608306069697e-05,1.34516020544595e-09
"425",0.829456828480886,0.17009400633781,0.000448888421068868,2.76760235062845e-07
"426",0.0799417205588293,0.810958120264164,0.105871125821665,0.00322903335534153
"427",0.963534202875844,0.0364480517540668,1.77433521278759e-05,2.01796157561773e-09
"428",0.954007588501851,0.0459639079360536,2.84994337939154e-05,4.12830147844545e-09
"429",0.944279701972394,0.0556780410538084,4.22494839189932e-05,7.48987827314807e-09
"430",0.987378648521934,0.012619275819144,2.07557916677828e-06,7.97554244869048e-11
"431",0.0886853917182385,0.812804744458818,0.0958681927177903,0.00264167110515356
"432",2.20029850613093e-06,0.00476127756079245,0.132592684705216,0.862643837435486
"433",0.01011624726327,0.54713494841567,0.380823417175211,0.0619253871458491
"434",0.917634665581814,0.0822703858379791,9.49229934521158e-05,2.5586755048046e-08
"435",0.017069285405118,0.639672483107862,0.308499288585542,0.0347589429014772
"436",0.00013653483762281,0.0641472827309572,0.387853057702387,0.547863124729032
"437",0.92125514751472,0.0786584003085605,8.64299896618346e-05,2.21870574135252e-08
"438",0.000344176455893695,0.11011697485947,0.453400040448981,0.436138808235655
"439",0.20031746591686,0.761957049468678,0.0372989266333939,0.00042655798106761
"440",0.105132414129952,0.812234672005235,0.0807570749898561,0.00187583887495724
"441",0.842519604702253,0.157103181540458,0.00037700239906946,2.1135822014795e-07
"442",0.324031092275592,0.65863474945693,0.0172288688350796,0.000105289432397848
"443",3.29132827526204e-07,0.00137320940525612,0.0737320835815335,0.924894377880383
"444",0.023503188716338,0.691505902365953,0.261829854237566,0.0231610546801434
"445",0.058174204802697,0.795920744390329,0.140140402799319,0.00576464800765553
"446",0.415092431759999,0.574627728718767,0.01023723120816,4.26083130741217e-05
"447",0.545018287137967,0.45018436612773,0.00478546244239234,1.18842919109019e-05
"448",0.925103017974447,0.074819089730246,7.78733596099384e-05,1.89356971214139e-08
"449",0.916263986452,0.0836377353342938,9.8251249366687e-05,2.69643398720376e-08
"450",0.344654371951315,0.639967481906825,0.0152927712098725,8.53749319876806e-05
"451",0.904092821011506,0.0957765625183735,0.000130574881364919,4.15887559945816e-08
"452",0.149525469900279,0.795182600842117,0.0544217785297473,0.000870150727856789
"453",2.64171682793202e-09,5.62076987208164e-05,0.0153907404887718,0.984553049170791
"454",0.709504938998961,0.288978495087844,0.00151471105820635,1.85485498815918e-06
"455",0.912648495014621,0.0872441436269528,0.000107330510497596,3.08479282118412e-08
"456",0.783425986277857,0.215808325225099,0.000765054871217121,6.33625826029771e-07
"457",0.823878735713082,0.175639081763731,0.00048187366357741,3.08859610442802e-07
"458",0.987847637596766,0.0121504390271828,1.92330492689894e-06,7.11246617157713e-11
"459",2.66337375555934e-05,0.0235152677109152,0.267191050613845,0.709267047937685
"460",0.0310252432210797,0.731371035408118,0.221878125368431,0.0157255960023718
"461",0.883784852990494,0.116019065015866,0.000196004633150544,7.73604893478108e-08
"462",0.847045052277164,0.152600952565375,0.000353803518880311,1.9163858111515e-07
"463",0.00508820650699815,0.424581216149378,0.45594346273619,0.114387114607433
"464",0.853143448968539,0.146532491955829,0.00032389181955073,1.67256081762268e-07
"465",0.207261804050265,0.756786199227429,0.0355616007790841,0.00039039594322221
"466",0.832471923718491,0.167096179838423,0.000431635956954747,2.60486131442583e-07
"467",0.924492563414375,0.0754282183862788,7.91987717554717e-05,1.94275904252805e-08
"468",0.571193767458813,0.424732693013942,0.00406445286496836,9.08666227694699e-06
"469",0.635691514630251,0.36165607026601,0.00264788593312128,4.52917061799507e-06
"470",0.011357488589491,0.568041465792068,0.365621678903583,0.054979366714858
"471",0.940242379864389,0.0597088140308804,4.87967880780134e-05,9.3166531156541e-09
"472",0.690596220206996,0.307637780270834,0.00176363744084327,2.36208132664562e-06
"473",0.296731162459186,0.682902935040699,0.0202259518710099,0.000139950629104546
"474",0.00041212265142279,0.121954279635627,0.464431613465255,0.413201984247696
"475",0.997969037296855,0.00203090951425782,5.31885621282144e-08,3.25406368517633e-13
"476",0.619192421455076,0.377835029615579,0.00296710541179765,5.44351754760974e-06
"477",0.816355488336237,0.18311555739414,0.000528597784566009,3.56485056363098e-07
"478",0.000358264823689231,0.112660648345072,0.455926139631096,0.431054947200143
"479",0.00182216713740721,0.267808077110002,0.50653948142663,0.223830274325961
"480",0.881480156165036,0.118315388089672,0.000204373270192265,8.24750999717239e-08
